Channel bit error rate:0.2
Average post decryption bit error rate :0.4539
Data:

  Columns 1 through 13

    0.4375    0.4219    0.5000    0.4688    0.4844    0.4766    0.4531    0.4688    0.4609    0.4844    0.4844    0.4531    0.4844

  Columns 14 through 26

    0.4922    0.4531    0.4531    0.4141    0.4766    0.4688    0.4766    0.4375    0.4844    0.4297    0.4297    0.4219    0.4531

  Columns 27 through 39

    0.4141    0.4219    0.4922    0.4453    0.4219    0.4297    0.4688    0.4844    0.4531    0.4453    0.4922    0.4609    0.4063

  Column 40

    0.3516

Channel bit error rate:0.1
Average post decryption bit error rate :0.4191
Data:

  Columns 1 through 13

    0.4453    0.3359    0.4922    0.4297    0.4922    0.4922    0.4531    0.4766    0.4453    0.3594    0.4531    0.3203    0.4531

  Columns 14 through 26

    0.4844    0.4531    0.4766    0.4922    0.3438    0.4219    0.4922    0.4531    0.4453    0.3750    0.4141    0.3984    0.3672

  Columns 27 through 39

    0.4453    0.4141    0.4297    0.3672    0.4453    0.4141    0.2734    0.4453    0.4297    0.3516    0.4141    0.2578    0.4141

  Column 40

    0.3984


Channel bit error rate:0.08
Average post decryption bit error rate :0.3951
Data:

    0.4844    0.4297    0.4375    0.4297    0.3594    0.3047    0.3828    0.3359    0.4844    0.3359    0.3906    0.3594    0.3359

  Columns 14 through 26

    0.4063    0.4531    0.1875    0.4063    0.4766    0.3438    0.4609    0.4766    0.4844    0.4766    0.4141    0.4063    0.3750

  Columns 27 through 39

    0.3984    0.3438    0.4297    0.3203    0.3594    0.3750    0.4766    0.4844    0.2891    0.4141    0.3438    0.3047    0.3906

  Column 40

   0.4375


Channel bit error rate:0.04
Average post decryption bit error rate :0.1924
Data:

  Columns 1 through 13

    0.2891    0.1719    0.2188    0.1172    0.1875    0.1641    0.1953    0.3125    0.0547    0.3594    0.3516    0.2969    0.0469

  Columns 14 through 26

    0.3594    0.2266    0.1094    0.3047    0.1094    0.1797    0.1484    0.2031    0.2344    0.0703    0.0859    0.1563    0.2656

  Columns 27 through 39

    0.1406    0.1172    0.1094    0.1641    0.2422    0.1875    0.1641    0.2266    0.1250    0.2188    0.1875    0.2344    0.1172

  Column 40

    0.2422

Channel bit error rate:0.01
Average post decryption bit error rate :0.1352
Data:

  Columns 1 through 13

    0.1797    0.1719    0.0391    0.0938    0.0938    0.1094    0.0469    0.1484    0.0547    0.1328    0.1406    0.0859    0.1641

  Columns 14 through 26

    0.1172    0.1953    0.1953    0.0703    0.1484    0.1094    0.2031    0.0313    0.1172    0.1094    0.1797    0.0313    0.1953

  Columns 27 through 39

    0.0469    0.0781    0.2578    0.1094    0.1484    0.2891    0.1953    0.2656    0.0547    0.2656    0.2266    0.1172    0.1406

  Column 40

    0.0469


Channel bit error rate:0.004
Average post decryption bit error rate :0.0342
Data:

  Columns 1 through 13

    0.0313    0.0469    0.0391    0.0078    0.0391    0.0313    0.0078    0.0078    0.0391    0.0234    0.0078    0.0313    0.0391

  Columns 14 through 26

    0.0313    0.0313    0.0313    0.0469    0.0547    0.0313    0.0313    0.0078    0.0625    0.0234    0.0859    0.0469    0.0313

  Columns 27 through 39

    0.0234    0.0703    0.0078    0.0313    0.0859    0.0391    0.0078    0.0469    0.0156    0.0234    0.0781    0.0234    0.0234

  Column 40

    0.0234


Channel bit error rate:0.001
Average post decryption bit error rate :0.0201
Data:

 Columns 1 through 13

    0.0234    0.0469    0.0547    0.0078    0.0234    0.0078    0.0078    0.0078    0.0234    0.0078    0.0078    0.0156    0.0469

  Columns 14 through 26

    0.0078    0.0078    0.0156    0.0234    0.0078    0.0156    0.0469    0.0234    0.0391    0.0313    0.0156    0.0078    0.0078

  Columns 27 through 39

    0.0078    0.0313    0.0078    0.0078    0.0078    0.0469    0.0078    0.0078    0.0469    0.0391    0.0078    0.0078    0.0078

  Column 40

    0.0391

